Team Name Week 1/18' Week 2/18' Week 3/18' Week 4/18' Week 5/18' Week 6/18' Week 7/18' Week 8/18' Week 9/18' Week 10/18' Week 11/18' Week 12/18' Week 13/18' Week 14/18' Week 15/18' Week 16/18'
	
49ers     +8         +3         -11	   -2         -10        -3         -29        -3         +31        -4          -18         -27         +6          +3          -5          -16     

Bears	  -1	     +7	   	+2 	   +38	      -3         -7         +14        +32        +12        +5           +7         -3          +9          +7          +5          +14

Bengals   +11        +11        -10        +1         +10        -7         -35        +3         -37	     -3           -15        -14         -5          +14         -8          -3

Bills     +9         -6         +10        +6         -4         +3         +20        +13        -37        -30          +6         -20         +6          +8          -21         +6            

Broncos   +3         +1         -13        -4         -18	 -3         +35        -7         -2         +1           +7         +14         -6          -1          -13         -14

Browns    +0         -3         +4         -3         +3         -24        -3         -15        -16        +12          +15        -16         +6          +1           +8         -2	

Bucaneers +8         +6         -3         -38        -5         +3         -3         -14        -13        -3           +18        +7          -14         -8           -7         -2

Cardinals -18        -34        -2         -3         +10        -10        -35        +3         -12        -2           -35        +3          -14          -26         -22        -3

Chargers  -10        +11        -12        +2         +16        +24        +1         +8         +14        -1           +35        +3          +5           +1          -12        +14 

Cheifs     +15       +7          +14       +9         +8         -6         -1         +10        -11        -3           -6         -7          +11          +17          +16        +3
 
Colts      -11       +12         -4        -3        -14         -8          +32       +14        +3         +28          +3         -6          +3           +23          +1         +16

Cowboys    -8        +7          -11       +2         -3         +33         -3        -14        +7         +3           +8         +3          +6           -23          +7         +1

Dolphins   +7        +8          +8        -31        -10        +3          -11       -19        +7         -19          -3         -4          +1           -24          -10        -25

Eagles     +13       -7          +3        +2         +27        +5          +10       +23        +28        +28          +27        -14         +8           +5           +9         -6

Falcons    +6        +11         +4        -6         -3         -16         +5        -3         +20        +3           +14        -5          +3           +3           -10        +12

Giants     -5        -7          +5        -15        -2         -21         -3        -7         +4         +3           -3         +3          +24          -17          -1         -1 

Jaguars    +22       -21        +37        -3         +21        -10         +27       +16        +3         +12          -3         +20         +6           +38          -11        -5 

Jets       +31       -8         -4         -19        +18        +8          -20       -14        -7         -31          -24        -4          +4           -7           -16        -35

Lions      -31       -3         +16        -2         +8          +11        -14       -15        -12        +1           -7         -14         +14          -1           -18         +31

Packers    +1        +0         -14        +22        -8          +3         -2        -14        -19        -3            -7        -3          +14           -7          +6          -31

Panthers   +20       +6         -21        +3         +3          -5         -14       +14        +3         +24           +8         -10        +7            +7          +3          -12

Patriots   -15       +16        +3         -3         +5          +7         +16       +8         +25        +25           +18        +20        -7            +3          +21         +20

Raiders    -20       -1         -8         +3         -16         -24        -14       -31        -14        +2            -17        -7         +3            -14         +13         -32

Rams       +37       -7         +2         +5         -6          +10        +33       +34        +26        -14           +6         +16        -8            +35         +3          -21

Ravens     +44       -11        +13        +12        -3          +21        -1        -15        -7         +3            +17        +10        -3            +8          +12         +2

Redskins   +18       -12        +14        -24        +6          +3         +7        -14        +13        -2            -8         -15        -24           +3          -9          -24

Saints     -10       +16        +21        +20        +14        +9         +8          +20        +37       +3           -6          +10        -3            +12         +10          -7            

Seahawks   -3        -7         +11        +3         -2         +24        +14         -8         -5        +3            +3         +27        +14           -3          +7           +3

Steelers   +3        +17        -6         +17        -21        +6         +15         +5         +3        +23           +3         +3         +1            -3          +28           +4

Texans     -7        -3         -5         +3         +3         +7         +13         +19        +2        +2            +17        +16        -3            +7          -2            +17

Titans     -7        +3         +3         +3         -1         -21        -1          +14        +24       -28           -17        +4         +21           +17          +9           -16

Vikings    +10       +17        +17        -7         +3         +13        +8          +17        +8        +14           +7         +5         -7            +27          +16          +13